[list([1, 1.0, 0.125, 0.11111111111111112, 0.078125])
 list([1, 0.0, 0.0625, 0.05555555555555556])
 list([1, 1.0, 0.0625, 0.08333333333333333, 0.0625, 0.06172839506172839])
 list([1, 0.0, 0.125, 0.05555555555555556])
 list([1, 0.0, 0.375, 0.11111111111111112, 0.0625, 0.06172839506172839])
 list([1, 0.0, 0.125, 0.11111111111111112, 0.078125])
 list([1, 0.0, 0.125, 0.08333333333333333])
 list([1, 0.0, 0.125, 0.11111111111111112, 0.0625])
 list([1, 0.0, 0.125, 0.05555555555555556])
 list([1, 0.0, 0.125, 0.05555555555555556, 0.078125, 0.06172839506172839])
 list([1, 0.0, 0.125, 0.11111111111111112])
 list([1, 0.25, 0.1875, 0.11111111111111112, 0.078125, 0.06172839506172839])
 list([1, 0.5, 0.25, 0.33333333333333337, 0.15625])
 list([1, 0.5, 0.125, 0.08333333333333333, 0.0625, 0.06172839506172839])
 list([1, 0.25, 0.1875, 0.11111111111111112, 0.0625, 0.06172839506172839])
 list([1, 0.25, 0.125, 0.05555555555555556, 0.0625, 0.06172839506172839])
 list([1, 0.0, 0.0, 0.05555555555555556, 0.0625])
 list([1, 0.0, 0.1875, 0.22222222222222224, 0.0625, 0.06172839506172839])
 list([1, 0.0, 0.125, 0.05555555555555556, 0.0625, 0.06172839506172839])
 list([1, 0.75, 0.125, 0.08333333333333333, 0.078125, 0.06172839506172839])
 list([1, 0.5, 0.0625, 0.16666666666666666, 0.15625])
 list([1, 0.25, 0.0625, 0.05555555555555556, 0.078125])
 list([1, 0.25, 0.125, 0.11111111111111112, 0.078125])
 list([1, 0.5, 0.125, 0.08333333333333333, 0.078125])
 list([1, 0.0, 0.0625, 0.08333333333333333, 0.078125, 0.06172839506172839])
 list([1, 0.0, 0.25, 0.11111111111111112, 0.078125, 0.06172839506172839])
 list([1, 0.25, 0.125, 0.08333333333333333, 0.0625])
 list([1, 0.0, 0.1875, 0.08333333333333333, 0.078125])
 list([1, 0.0, 0.125, 0.05555555555555556, 0.078125, 0.06172839506172839])
 list([1, 0.0, 0.0625, 0.33333333333333337, 0.078125])
 list([1, 0.0, 0.0625, 0.08333333333333333, 0.078125, 0.06172839506172839])
 list([1, 0.25, 0.0625, 0.08333333333333333, 0.0625, 0.06172839506172839])
 list([1, 0.0, 0.125, 0.08333333333333333, 0.078125, 0.06172839506172839])
 list([1, 0.5, 0.125, 0.08333333333333333, 0.078125])
 list([1, 0.0, 0.375, 0.08333333333333333, 0.0625])
 list([1, 0.25, 0.125, 0.4166666666666667, 0.15625])
 list([1, 0.5, 0.0625, 0.05555555555555556])
 list([1, 0.0, 0.0625, 0.08333333333333333, 0.0625, 0.06172839506172839])
 list([1, 0.0, 0.125, 0.05555555555555556, 0.078125, 0.06172839506172839])
 list([1, 1.0, 0.125, 0.33333333333333337, 0.078125])
 list([1, 0.0, 0.125, 0.05555555555555556, 0.0625])
 list([1, 0.0, 0.125, 0.11111111111111112])
 list([1, 0.0, 0.125, 0.11111111111111112, 0.078125, 0.06172839506172839])
 list([1, 0.25, 0.1875, 0.11111111111111112, 0.0625])
 list([1, 0.25, 0.125, 0.05555555555555556, 0.0625])
 list([1, 0.5, 0.0625, 0.08333333333333333, 0.0625, 0.06172839506172839])
 list([1, 1.0, 0.25, 0.11111111111111112, 0.078125, 0.06172839506172839])
 list([1, 0.0, 0.125, 0.05555555555555556, 0.0625, 0.06172839506172839])
 list([1, 0.25, 0.1875, 0.08333333333333333, 0.0625])
 list([1, 0.0, 0.0625, 0.05555555555555556, 0.0625])
 list([1, 0.25, 0.375, 0.22222222222222224, 0.078125])
 list([1, 0.0, 0.125, 0.16666666666666666, 0.0625])
 list([1, 0.0, 0.125, 0.11111111111111112])
 list([1, 0.0, 0.5625, 0.11111111111111112, 0.0625])
 list([1, 0.0, 0.125, 0.05555555555555556, 0.0625, 0.06172839506172839])
 list([1, 0.0, 0.125, 0.08333333333333333, 0.078125])
 list([1, 0.0, 0.0, 0.05555555555555556, 0.0625, 0.06172839506172839])
 list([1, 0.25, 0.125, 0.08333333333333333, 0.0625])
 list([1, 0.25, 0.125, 0.08333333333333333, 0.078125])
 list([1, 0.0, 0.0, 0.11111111111111112, 0.0625, 0.06172839506172839])
 list([1, 0.0, 0.0625, 0.08333333333333333, 0.0625, 0.06172839506172839])
 list([1, 0.0, 0.0625, 0.08333333333333333, 0.078125])
 list([1, 0.5, 0.125, 0.08333333333333333, 0.0625, 0.06172839506172839])
 list([1, 0.0, 0.25, 0.08333333333333333, 0.0625, 0.06172839506172839])
 list([1, 0.75, 0.25, 0.22222222222222224])
 list([1, 0.5, 0.0625, 0.08333333333333333, 0.078125])
 list([1, 0.25, 0.125, 0.08333333333333333, 0.078125, 0.06172839506172839])
 list([1, 0.5, 0.125, 0.08333333333333333, 0.0625, 0.06172839506172839])
 list([1, 0.75, 0.125, 0.08333333333333333, 0.0625])
 list([1, 0.5, 0.125, 0.08333333333333333, 0.078125])
 list([1, 0.25, 0.0625, 0.05555555555555556, 0.0625])
 list([1, 0.0, 0.125, 0.08333333333333333, 0.0625, 0.06172839506172839])
 list([1, 0.0, 0.125, 0.08333333333333333, 0.078125, 0.06172839506172839])
 list([1, 0.0, 0.25, 0.5555555555555556, 0.078125])
 list([1, 0.5, 0.5625, 0.08333333333333333])
 list([1, 0.0, 0.375, 0.16666666666666666, 0.0625])
 list([1, 0.0, 0.75, 0.22222222222222224, 0.15625])
 list([1, 0.0, 0.0625, 0.05555555555555556, 0.0625])
 list([1, 0.0, 0.125, 0.08333333333333333, 0.0625, 0.06172839506172839])
 list([1, 0.0, 0.0625, 0.08333333333333333, 0.078125, 0.06172839506172839])
 list([1, 0.0, 0.5625, 0.33333333333333337, 0.15625])
 list([1, 0.0, 0.375, 0.08333333333333333, 0.078125, 0.06172839506172839])
 list([1, 0.0, 0.0625, 0.08333333333333333, 0.0625])
 list([1, 0.75, 0.0625, 0.08333333333333333, 0.078125, 0.06172839506172839])
 list([1, 0.0, 0.5625, 0.4166666666666667, 0.078125])
 list([1, 0.0, 0.375, 0.05555555555555556, 0.0625])
 list([1, 0.0, 0.375, 0.08333333333333333, 0.0625])
 list([1, 0.25, 0.125, 0.22222222222222224, 0.0625])
 list([1, 0.0, 0.0625, 0.05555555555555556, 0.0625])
 list([1, 0.0, 0.0625, 0.08333333333333333, 0.0625, 0.06172839506172839])
 list([1, 1.0, 0.0625, 0.16666666666666666, 0.15625])
 list([1, 0.0, 0.125, 0.11111111111111112, 0.0625, 0.06172839506172839])
 list([1, 0.75, 0.125, 0.11111111111111112])
 list([1, 0.0, 0.375, 0.08333333333333333, 0.078125, 0.06172839506172839])
 list([1, 0.0, 0.125, 0.05555555555555556, 0.078125])
 list([1, 0.0, 0.0625, 0.08333333333333333, 0.078125])
 list([1, 0.0, 0.0625, 0.05555555555555556, 0.078125, 0.06172839506172839])
 list([1, 0.0, 0.0625, 0.11111111111111112, 0.078125])
 list([1, 1.0, 0.125, 0.11111111111111112, 0.078125, 0.06172839506172839])
 list([1, 0.0, 0.125, 0.08333333333333333, 0.0625])]
